Cyclist 0 0 0 223.58697187425847 274.34519371692204 364.45110639759787 422.9440142736724 1.57 0.6 1.3 -3.94044174 0.86158544 6.29189006 1.998402
Car 0 0 0 175.10380822740515 290.23242778124904 388.3891219495863 393.35279265151826 1.7 2.0 4.0 -6.69175694 0.85654043 10.78712432 4.61639587
Car 0 0 0 311.16734832020376 283.58243669328516 425.82564527160866 348.0120555753665 4.476 3.372 7.23 -19.83570619 0.45963377 40.3084071 -0.71558499
Car 0 0 0 468.16918842532186 303.52926170868363 564.9706370482112 346.3635161325811 3.99 3.88 9.24 -11.36106371 0.46273461 53.9471351 -0.87266463
Pedestrian 0 0 0 499.8928666398331 321.7591564850246 511.9563022701646 349.7012484750754 1.7 0.6 0.6 -7.60181848 0.50529991 32.40916737 1.57079633
Pedestrian 0 0 0 728.4741595740596 314.92388432046465 742.238623653098 352.3307021126938 1.7 0.5 0.5 4.84966819 0.49694705 24.25569816 3.05432619
Pedestrian 0 0 0 763.7838531901888 316.92368873589214 776.9378222648103 347.629761261727 1.7 0.5 0.6 7.87162856 0.3451307 29.56107887 4.52040276
Pedestrian 0 0 0 1737.6809901299116 271.6518942893964 1822.9281057878652 365.397339482719 1.7 0.572 0.78 21.69595505 0.43524772 9.95809773 2.84488668
Pedestrian 0 0 0 1717.8167966389306 273.28153406495954 1810.5096139596058 363.31377294789513 1.7 0.618 0.57 22.12972706 0.41385651 10.30671884 3.01941961
Pedestrian 0 0 0 736.9096907254863 313.8623503337581 751.828440200805 351.6143121041321 1.7 0.55 0.6 5.22132725 0.46014416 24.06558108 1.57079633
Pedestrian 0 0 0 770.6556212988947 319.3271771410888 784.4270968072549 348.15058250439535 1.6 0.55 0.55 8.29189345 0.37495686 29.62436702 4.49422282
Pedestrian 0 0 0 848.2153677007024 316.5897545821798 865.6672012575248 347.0463242792703 1.7 0.55 0.75 12.86559054 0.31539223 29.89987797 4.39822972
Pedestrian 0 0 0 838.5266166449197 317.16997108856623 854.5954361976579 346.6552357887049 1.7 0.55 0.75 12.66640566 0.30323333 30.84750261 4.52912941
