Car 0 0 0 -1449.6520789131982 74.66269515069449 -103.73991679088337 810.7807899080731 1.44 1.61 2.67 -5.07836619 0.91821446 2.21941662 3.46447856
Car 0 0 0 -193.48599367156032 239.6298251847033 234.3025993034354 478.41111403790484 1.542 1.694 2.88 -5.38111443 0.88481598 4.74177481 3.53429174
Car 0 0 0 1180.6567182217784 -2067.7161169505816 20143.479831628098 3503.3388602477403 1.5 1.5 3.54 3.48404307 0.85134943 0.8920996 -0.0
Car 0 0 0 928.2863275170726 196.17301207794785 1937.1432864461947 539.1131174586504 1.5 1.64 3.48 3.99294472 0.86480368 3.15864738 0.01745329
Car 0 0 0 151.33037573827707 285.4931695635779 379.45370348213396 418.61885596084426 1.5 1.59 2.13 -4.80367738 0.87011362 7.07045438 3.5081118
Car 0 0 0 292.42926855689154 303.40159315995675 450.56739318031106 397.28039848866945 1.5 1.52 2.37 -4.71961831 0.89292558 9.67183456 3.64773814
Car 0 0 0 381.71243820613245 313.39482128140054 495.48929129571513 380.7540158017712 1.524 1.548 2.34 -4.77726218 0.89047692 13.20666877 3.68264472
Car 0 0 0 793.171836788696 273.6132115566945 1178.6247504024027 428.50088330351304 1.524 1.688 3.27 3.7653824 0.85706004 6.03686648 0.0
Car 0 0 0 751.6052752764352 295.19796216026873 989.6786819201999 397.518417099232 1.482 1.764 3.06 3.69849124 0.81287372 8.55264007 0.01745329
Car 0 0 0 724.2691621221111 306.18904790950853 899.4183929579675 384.629394082364 1.5 1.62 3.06 3.66073099 0.82674648 10.96828174 -0.04363323
Car 0 0 0 709.9167848094039 312.1485071280254 839.9441958800124 375.101935826177 1.512 1.514 2.88 3.62625929 0.80954392 13.49477657 -0.04363323
Car 0 0 0 700.4596593270143 316.58739296863223 807.2179973707032 368.84641956329847 1.5 1.6 2.85 3.66828362 0.78791782 15.94847741 -0.0
Car 0 0 0 676.4122857348865 320.5954122485968 840.6091067500679 365.04044009394397 1.5 1.42 5.43 4.42656343 0.79799363 18.56904672 -0.01745329
Car 0 0 0 668.7198947343069 321.80297518057114 749.1376277452707 361.49207579876685 1.53 1.51 3.0 3.10817294 0.77470107 21.11313225 0.00872665
Car 0 0 0 447.846607297066 320.9714481187012 537.1352090587221 358.3868281878287 1.5 1.54 3.3 -5.65363213 0.68117526 21.97119731 0.02617994
